0 0.472490 0.827021 0.023015 0.028275
0 0.416242 0.444250 0.020781 0.028640
0 0.304314 0.801197 0.027918 0.023526
0 0.750980 0.439141 0.011357 0.026469
0 0.803053 0.827863 0.017782 0.025631
0 0.662987 0.845968 0.014656 0.019946
0 0.441600 0.410742 0.020425 0.028740
0 0.774150 0.201484 0.017153 0.026075
0 0.639983 0.389246 0.012249 0.021279
0 0.526193 0.630880 0.018020 0.026537
0 0.467646 0.585856 0.019911 0.033887
0 0.553109 0.824712 0.017995 0.016450
0 0.386957 0.633661 0.021136 0.024824
0 0.526112 0.305432 0.019695 0.018462
0 0.751219 0.260548 0.017421 0.028767
0 0.192358 0.393704 0.018832 0.030439
0 0.248152 0.582481 0.019078 0.024570
0 0.801079 0.863833 0.024449 0.030709
0 0.777094 0.667304 0.012601 0.025013
0 0.525882 0.593557 0.015085 0.026836
0 0.902013 0.105866 0.022570 0.031077
0 0.278115 0.453298 0.019828 0.026956
0 0.472821 0.793553 0.022602 0.028265
0 0.302580 0.665355 0.020719 0.023429
0 0.304014 0.481854 0.025717 0.038193
0 0.751483 0.329561 0.018025 0.031232
0 0.775635 0.860517 0.016486 0.022107
0 0.276282 0.632483 0.018081 0.019556
0 0.300740 0.441120 0.017829 0.022791
0 0.525375 0.771207 0.020903 0.025667
0 0.301080 0.633235 0.020360 0.025401
0 0.775838 0.789380 0.013538 0.022148
0 0.389076 0.371843 0.015140 0.019997
0 0.718569 0.813466 0.024159 0.026031
0 0.664657 0.545839 0.016695 0.021420
0 0.388367 0.771032 0.024029 0.020650
0 0.637942 0.196229 0.019061 0.019984
0 0.638482 0.352843 0.012889 0.022024
0 0.866387 0.080870 0.025982 0.037462
0 0.693791 0.203587 0.021448 0.036870
0 0.802278 0.735120 0.017650 0.026400
0 0.751577 0.401552 0.015192 0.027263
0 0.191685 0.322348 0.021730 0.033169
0 0.578383 0.498776 0.019250 0.029688
0 0.579741 0.237315 0.023290 0.028393
0 0.665622 0.633103 0.017162 0.019354
0 0.473348 0.373621 0.022956 0.028836
0 0.637529 0.274423 0.020258 0.039353
0 0.550211 0.200688 0.018738 0.028507
0 0.749781 0.199697 0.016675 0.023992
0 0.413900 0.562500 0.018338 0.020241
0 0.636749 0.617797 0.021164 0.026207
0 0.553854 0.619907 0.021360 0.030112
0 0.471862 0.201519 0.021742 0.038776
0 0.864772 0.298470 0.027341 0.024236
0 0.299401 0.771365 0.020555 0.024896
0 0.192678 0.360115 0.023080 0.033609
0 0.609946 0.228574 0.021926 0.024689
0 0.333782 0.322816 0.024487 0.027755
0 0.607009 0.585981 0.021149 0.028888
0 0.443761 0.515618 0.022928 0.025700
0 0.611368 0.424905 0.023313 0.022990
0 0.802505 0.594478 0.017581 0.028812
0 0.412832 0.769978 0.021052 0.023217
0 0.471402 0.410315 0.028501 0.026272
0 0.776251 0.194226 0.019642 0.013884
0 0.360975 0.441596 0.020812 0.023447
0 0.777252 0.337079 0.014841 0.020400
0 0.804798 0.307892 0.029012 0.029793
0 0.777287 0.283480 0.016852 0.020480
0 0.803275 0.506549 0.022085 0.027294
0 0.639582 0.313388 0.017452 0.026083
0 0.637840 0.703505 0.027778 0.030304
0 0.634479 0.825372 0.020940 0.028171
0 0.248632 0.212726 0.022195 0.021831
0 0.692042 0.824193 0.019205 0.025425
0 0.299635 0.404077 0.018822 0.022047
0 0.611723 0.387983 0.021370 0.021632
0 0.775801 0.473104 0.015217 0.030156
0 0.719366 0.639231 0.021457 0.020909
0 0.749763 0.474181 0.012097 0.026739
0 0.689680 0.681129 0.019186 0.024745
0 0.748817 0.855179 0.015646 0.030992
0 0.249953 0.688175 0.029629 0.026447
0 0.749889 0.704022 0.023665 0.025867
0 0.774682 0.701802 0.015117 0.027736
0 0.802980 0.771230 0.021929 0.021555
0 0.802207 0.628851 0.021738 0.026829
0 0.359123 0.195406 0.015679 0.028840
0 0.523200 0.196196 0.019409 0.026341
0 0.526611 0.472261 0.015697 0.024666
0 0.192045 0.483595 0.026535 0.035242
0 0.191403 0.430825 0.024573 0.036645
0 0.247626 0.743220 0.024722 0.034308
0 0.863894 0.329567 0.022184 0.031584
0 0.664936 0.351909 0.016637 0.025915
0 0.386003 0.196368 0.015612 0.024800
0 0.802739 0.472095 0.018168 0.023873
0 0.415238 0.201513 0.022185 0.024483
0 0.523909 0.682898 0.021820 0.029422
0 0.552743 0.280788 0.018037 0.027985
0 0.277607 0.487953 0.019712 0.026384
0 0.387276 0.593932 0.013732 0.030045
0 0.579980 0.360742 0.021117 0.029122
0 0.415512 0.631332 0.018748 0.022271
0 0.443471 0.334334 0.017872 0.021268
0 0.801536 0.662626 0.020672 0.032770
0 0.578828 0.448547 0.019391 0.026148
0 0.867894 0.153950 0.024213 0.034854
0 0.360024 0.405466 0.021206 0.023943
0 0.523608 0.806417 0.019749 0.028612
0 0.804718 0.199292 0.015523 0.029830
0 0.357190 0.809016 0.019589 0.025692
0 0.301067 0.544955 0.018772 0.023556
0 0.749253 0.667421 0.023331 0.029330
0 0.865724 0.227630 0.022605 0.023540
0 0.776292 0.631883 0.020487 0.025775
0 0.190697 0.643716 0.027924 0.027650
0 0.610327 0.309165 0.021351 0.037262
0 0.694564 0.862694 0.017659 0.031721
0 0.190871 0.522209 0.019304 0.032486
0 0.441483 0.558518 0.019894 0.027251
0 0.414943 0.666408 0.020382 0.020538
0 0.553353 0.241832 0.017927 0.032137
0 0.525035 0.426277 0.020785 0.028086
0 0.302436 0.358644 0.020889 0.024956
0 0.609754 0.824749 0.022203 0.025815
0 0.551934 0.701588 0.017143 0.021122
0 0.664700 0.679661 0.020695 0.028684
0 0.469508 0.752951 0.021188 0.029310
0 0.751028 0.365345 0.016872 0.024705
0 0.443539 0.370157 0.018523 0.024481
0 0.359719 0.484392 0.017206 0.033764
0 0.386139 0.720636 0.020231 0.026260
0 0.442090 0.801197 0.019777 0.031819
0 0.607709 0.743636 0.022194 0.024304
0 0.414605 0.840580 0.023202 0.026804
0 0.415441 0.400928 0.019487 0.024096
0 0.416227 0.246993 0.017881 0.022985
0 0.804064 0.831465 0.027347 0.040440
0 0.550038 0.823152 0.019618 0.029261
0 0.662795 0.198747 0.016442 0.029297
0 0.578858 0.621796 0.019177 0.027776
0 0.610963 0.346310 0.015669 0.034836
0 0.470183 0.856259 0.024915 0.030528
0 0.385440 0.823145 0.019146 0.033238
0 0.805212 0.232106 0.014513 0.031198
0 0.775579 0.752834 0.020872 0.029989
0 0.360450 0.568337 0.020386 0.027205
0 0.248904 0.488932 0.019590 0.029582
0 0.696155 0.622711 0.021833 0.024694
0 0.748418 0.582535 0.020332 0.025470
0 0.775603 0.247519 0.018430 0.023322
0 0.750762 0.231646 0.014472 0.022196
0 0.413246 0.733329 0.021310 0.026615
0 0.358249 0.664060 0.021978 0.029376
0 0.579693 0.195981 0.017184 0.030705
0 0.300740 0.596405 0.018833 0.024006
0 0.551996 0.439845 0.018452 0.023743
0 0.583478 0.307883 0.022924 0.034079
0 0.777148 0.579038 0.014674 0.024260
0 0.803196 0.564438 0.016742 0.020545
0 0.807741 0.274725 0.027437 0.032277
0 0.720498 0.859883 0.018925 0.033764
0 0.579081 0.401627 0.017145 0.024585
0 0.721152 0.351467 0.018870 0.026786
0 0.524318 0.858730 0.018206 0.030634
0 0.442804 0.233821 0.020512 0.021392
0 0.610749 0.545191 0.027133 0.030424
0 0.606059 0.424692 0.013025 0.032434
0 0.865704 0.266397 0.022454 0.034544
0 0.693083 0.240796 0.015313 0.036959
0 0.553276 0.348074 0.020042 0.029126
0 0.192021 0.571464 0.024337 0.034760
0 0.722544 0.521483 0.018572 0.034546
0 0.356496 0.621144 0.018633 0.028323
0 0.249234 0.611691 0.014528 0.025686
0 0.193506 0.607245 0.025966 0.023845
0 0.331733 0.439622 0.019193 0.022209
0 0.778667 0.204500 0.022838 0.038809
0 0.776279 0.371346 0.016483 0.020288
0 0.723222 0.198695 0.019038 0.021445
0 0.359721 0.240463 0.017251 0.032868
0 0.417660 0.485089 0.019934 0.036652
0 0.469597 0.654746 0.019183 0.027547
0 0.635289 0.866858 0.021034 0.035475
0 0.694164 0.414145 0.022339 0.026200
0 0.473158 0.447272 0.022605 0.028289
0 0.805285 0.334885 0.017184 0.025438
0 0.864968 0.467643 0.023989 0.030811
0 0.638134 0.231937 0.013648 0.022356
0 0.747944 0.783136 0.020039 0.032104
0 0.276811 0.523808 0.019260 0.023309
0 0.748889 0.294709 0.018485 0.035335
0 0.526995 0.241420 0.024006 0.025158
0 0.248092 0.453920 0.019645 0.031210
0 0.638308 0.522498 0.018367 0.023986
0 0.473754 0.300514 0.024004 0.030504
0 0.389270 0.234968 0.019485 0.021220
0 0.523589 0.510309 0.020514 0.023826
0 0.639045 0.422511 0.016645 0.019519
0 0.691397 0.729489 0.018721 0.036871
0 0.386211 0.858100 0.015517 0.022463
0 0.524656 0.547396 0.019214 0.028589
0 0.664119 0.474450 0.013855 0.027890
0 0.721758 0.276533 0.014950 0.035767
0 0.749245 0.819875 0.023648 0.025496
0 0.746733 0.741307 0.021393 0.021324
0 0.866999 0.183288 0.021047 0.027951
0 0.802183 0.700746 0.019239 0.027769
0 0.386768 0.335380 0.012391 0.025145
0 0.247029 0.550073 0.018923 0.024667
0 0.864836 0.435575 0.021100 0.027770
0 0.776040 0.437182 0.018644 0.027079
0 0.389749 0.408386 0.014627 0.019657
0 0.636265 0.755154 0.022506 0.031634
0 0.555733 0.783104 0.020378 0.030036
0 0.722660 0.454375 0.014461 0.032757
0 0.439782 0.755286 0.021034 0.023206
0 0.667379 0.311574 0.018382 0.038328
0 0.389314 0.479481 0.019023 0.023042
0 0.248983 0.520730 0.022174 0.030865
0 0.779104 0.344639 0.023363 0.036740
0 0.359109 0.281786 0.021345 0.022574
0 0.694208 0.589927 0.019542 0.027067
0 0.721805 0.487815 0.019191 0.029258
0 0.663342 0.808834 0.012572 0.019879
0 0.471109 0.620897 0.019325 0.023654
0 0.720372 0.240425 0.015431 0.037636
0 0.472971 0.243469 0.020912 0.024633
0 0.584401 0.242156 0.014928 0.047317
0 0.301234 0.697883 0.019356 0.032222
0 0.577793 0.737279 0.021312 0.021774
0 0.360065 0.767702 0.017694 0.029653
0 0.721423 0.312870 0.016690 0.032764
0 0.358405 0.851804 0.018320 0.028711
0 0.468710 0.489177 0.017037 0.031261
0 0.551966 0.857947 0.020461 0.029997
0 0.749772 0.526641 0.017556 0.026267
0 0.332574 0.360947 0.018719 0.026532
0 0.334282 0.282503 0.022076 0.021901
0 0.387235 0.546182 0.017033 0.017541
0 0.722607 0.202967 0.024774 0.037113
0 0.864448 0.401625 0.022968 0.025951
0 0.415482 0.302140 0.019900 0.022354
0 0.720986 0.682492 0.022749 0.025695
0 0.470299 0.541126 0.018096 0.029121
0 0.385520 0.669290 0.021735 0.025229
0 0.385676 0.809394 0.022906 0.030227
0 0.332661 0.234947 0.019258 0.026721
0 0.524005 0.729880 0.019269 0.031443
0 0.302696 0.515489 0.021418 0.024132
0 0.749580 0.715884 0.017924 0.043590
0 0.333614 0.484551 0.021503 0.033291
0 0.470618 0.718316 0.018451 0.029412
0 0.608639 0.653028 0.021754 0.022754
0 0.606152 0.301462 0.011583 0.034511
0 0.552088 0.543627 0.016891 0.024190
0 0.806275 0.310348 0.015909 0.047649
0 0.387901 0.558564 0.016812 0.029351
0 0.719554 0.782169 0.017946 0.027322
0 0.245201 0.821553 0.030231 0.035662
0 0.609333 0.193831 0.017420 0.024954
0 0.386550 0.683631 0.018551 0.033124
0 0.641777 0.203653 0.027666 0.032268
0 0.360280 0.521996 0.014184 0.031657
0 0.637355 0.661889 0.017702 0.030448
0 0.665202 0.278259 0.018238 0.033520
0 0.387554 0.440674 0.018982 0.021214
0 0.865439 0.498403 0.022562 0.034625
0 0.664894 0.591954 0.019625 0.030329
0 0.905226 0.176086 0.024719 0.028411
0 0.868356 0.119987 0.022581 0.029662
0 0.775776 0.403141 0.017297 0.024157
0 0.608078 0.859129 0.019902 0.027909
0 0.555318 0.748567 0.020932 0.029750
0 0.556539 0.403177 0.016062 0.030784
0 0.662343 0.853031 0.021978 0.029133
0 0.720415 0.557493 0.017259 0.032994
0 0.692263 0.452520 0.017225 0.028722
0 0.776737 0.300173 0.017429 0.021546
0 0.334558 0.244273 0.017802 0.028582
0 0.664045 0.240643 0.017563 0.037668
0 0.552115 0.195674 0.017245 0.013641
0 0.552830 0.664144 0.021346 0.026179
0 0.720666 0.718464 0.020600 0.030114
0 0.279053 0.415272 0.021473 0.035726
0 0.610440 0.786670 0.021423 0.026020
0 0.247078 0.369900 0.018593 0.024460
0 0.803528 0.422127 0.018021 0.022479
0 0.391682 0.415288 0.022917 0.034439
0 0.749060 0.629511 0.021129 0.024888
0 0.554846 0.392126 0.020306 0.024468
0 0.441626 0.634242 0.019925 0.023938
0 0.277913 0.558318 0.019207 0.034561
0 0.361197 0.614984 0.018739 0.028523
0 0.606576 0.700222 0.020696 0.026384
0 0.607946 0.263951 0.013375 0.028900
0 0.665501 0.205094 0.026305 0.037127
0 0.804888 0.398071 0.018839 0.040552
0 0.442245 0.666840 0.018978 0.021886
0 0.868258 0.109747 0.018762 0.030398
0 0.441878 0.198324 0.014132 0.024673
0 0.903692 0.159432 0.024834 0.031988
0 0.578209 0.741889 0.012115 0.029207
0 0.580401 0.748152 0.023128 0.034047
0 0.663781 0.511917 0.017931 0.022746
0 0.577966 0.578232 0.019808 0.022331
0 0.555154 0.449547 0.024277 0.036977
0 0.585789 0.196727 0.030200 0.017209
0 0.577732 0.698034 0.019944 0.026417
0 0.388368 0.204078 0.025868 0.030210
0 0.334036 0.397923 0.015998 0.035025
0 0.662247 0.805701 0.020004 0.030581
0 0.389028 0.242303 0.018527 0.018294
0 0.357589 0.716136 0.019583 0.026790
0 0.471453 0.234568 0.019294 0.025016
0 0.607812 0.460084 0.020102 0.020847
0 0.635857 0.653847 0.012850 0.026638
0 0.692055 0.352644 0.018918 0.020798
0 0.552895 0.477653 0.021458 0.027159
0 0.746888 0.773073 0.022096 0.022458
0 0.748164 0.594946 0.018913 0.034284
0 0.803068 0.803197 0.019822 0.039695
0 0.690595 0.788363 0.021614 0.024306
0 0.606752 0.652805 0.011030 0.028858
0 0.246463 0.353145 0.017936 0.028356
0 0.747480 0.507786 0.013870 0.032628
0 0.804445 0.349696 0.017063 0.030339
0 0.524476 0.558757 0.018366 0.028688
0 0.582961 0.202793 0.028238 0.034684
0 0.719696 0.389189 0.018981 0.020987
0 0.190940 0.461449 0.021815 0.033191
0 0.722381 0.438136 0.012517 0.038446
0 0.719430 0.773726 0.022085 0.023190
0 0.359860 0.348602 0.013760 0.035558
0 0.359279 0.757523 0.020628 0.031848
0 0.865164 0.366809 0.021934 0.029152
0 0.444092 0.643619 0.017489 0.037990
0 0.693034 0.582955 0.013616 0.027552
0 0.416630 0.338381 0.017696 0.026707
0 0.616050 0.820046 0.027101 0.027318
0 0.665080 0.556017 0.022378 0.034513
0 0.360731 0.335855 0.016426 0.025383
0 0.689723 0.199179 0.020718 0.014293
0 0.774490 0.510242 0.015059 0.026149
0 0.808989 0.265671 0.016858 0.032813
0 0.359458 0.818901 0.018190 0.049774
0 0.275592 0.597716 0.015787 0.025708
0 0.470978 0.335752 0.018750 0.027357
0 0.334438 0.519688 0.023305 0.020634
0 0.611242 0.433674 0.013406 0.044227
0 0.774357 0.825810 0.016509 0.020246
0 0.551802 0.492325 0.016853 0.024438
0 0.774478 0.310861 0.016831 0.021651
0 0.606839 0.462317 0.010502 0.029207
0 0.388976 0.453108 0.020043 0.028570
0 0.694964 0.521709 0.017675 0.030120
0 0.577206 0.774784 0.021111 0.022244
0 0.360111 0.203276 0.025193 0.025278
0 0.808016 0.208828 0.013518 0.043035
0 0.415638 0.572465 0.021003 0.037634
0 0.279428 0.358835 0.021446 0.022101
0 0.608806 0.662159 0.016700 0.035056
0 0.524108 0.310145 0.029550 0.025715
0 0.721071 0.400877 0.015717 0.037683
0 0.443084 0.443024 0.021056 0.017899
0 0.693381 0.443062 0.018654 0.023561
0 0.298940 0.719919 0.019135 0.024581
0 0.330728 0.479464 0.011557 0.029455
0 0.471370 0.480538 0.021030 0.025991
0 0.579204 0.783646 0.019783 0.030317
0 0.775641 0.231090 0.017137 0.023357
0 0.746763 0.812630 0.020893 0.022025
0 0.441201 0.382972 0.019573 0.030313
0 0.803171 0.540323 0.018611 0.037766
0 0.526129 0.380858 0.023306 0.028538
0 0.802315 0.650258 0.019126 0.032015
0 0.331630 0.193330 0.014155 0.025895
0 0.552930 0.739551 0.016751 0.031561
0 0.246603 0.283320 0.019426 0.023232
0 0.303233 0.449345 0.025577 0.039632
0 0.722336 0.421742 0.014831 0.032981
0 0.720923 0.849795 0.026475 0.046040
0 0.636427 0.460047 0.014514 0.022810
0 0.665260 0.771447 0.021243 0.029618
0 0.691497 0.319339 0.012804 0.031585
0 0.527769 0.371312 0.020747 0.026618
0 0.440207 0.827198 0.020643 0.025480
0 0.635855 0.577990 0.015101 0.027876
0 0.640811 0.433621 0.019115 0.037770
0 0.608226 0.504039 0.019138 0.028274
0 0.664965 0.751836 0.016800 0.032219
0 0.639345 0.514062 0.021837 0.026670
0 0.580341 0.541485 0.015410 0.028408
0 0.440228 0.860456 0.019103 0.025003
0 0.744945 0.775217 0.011955 0.032469
0 0.693829 0.276693 0.018509 0.032446
0 0.472942 0.582663 0.025189 0.018432
0 0.442607 0.447266 0.011444 0.027376
0 0.473210 0.628858 0.012926 0.044543
0 0.691113 0.670011 0.019909 0.032210
0 0.580684 0.390424 0.019405 0.034376
0 0.774711 0.544443 0.016852 0.027961
0 0.802529 0.788991 0.021104 0.023809
0 0.864323 0.460442 0.017110 0.023436
0 0.338729 0.441527 0.024119 0.017149
0 0.747866 0.616028 0.020134 0.025838
0 0.726376 0.634413 0.023925 0.023543
0 0.811261 0.232088 0.024924 0.018347
0 0.608831 0.776706 0.021827 0.026702
0 0.637751 0.627758 0.014953 0.038959
0 0.663723 0.579472 0.018718 0.021863
0 0.522726 0.845354 0.020514 0.031797
0 0.554246 0.268568 0.018500 0.031175
0 0.750160 0.353550 0.016425 0.021255
0 0.470553 0.705523 0.018805 0.034566
0 0.413345 0.677374 0.017446 0.031156
0 0.632891 0.808437 0.021844 0.034328
0 0.363733 0.807548 0.021890 0.032633
0 0.690413 0.716466 0.019609 0.019479
0 0.192450 0.600559 0.018218 0.023663
0 0.641676 0.397819 0.025028 0.037782
0 0.385128 0.731779 0.016932 0.034032
0 0.689914 0.192149 0.022527 0.014683
0 0.524971 0.204085 0.027046 0.040558
0 0.773519 0.864203 0.029706 0.025753
0 0.662227 0.667978 0.019494 0.025110
0 0.416394 0.598786 0.018676 0.026706
0 0.359321 0.368310 0.017614 0.027697
0 0.413366 0.331413 0.018302 0.016061
0 0.777545 0.423778 0.020507 0.026851
0 0.607166 0.687349 0.020374 0.025373
0 0.418612 0.257663 0.020095 0.040998
0 0.865864 0.281079 0.025802 0.040598
0 0.863548 0.389193 0.018964 0.027592
0 0.244693 0.838855 0.034821 0.028271
0 0.248481 0.247607 0.016427 0.026423
0 0.552892 0.530329 0.021507 0.027308
0 0.247975 0.263848 0.016948 0.032462
0 0.608482 0.469160 0.016181 0.033882
0 0.807148 0.239881 0.021593 0.042961
0 0.413914 0.525847 0.021929 0.024298
0 0.414692 0.488040 0.019544 0.020199
0 0.748327 0.356498 0.021321 0.038217
0 0.608648 0.532347 0.024531 0.033368
0 0.362479 0.452392 0.013930 0.037600
0 0.195844 0.310933 0.026539 0.029569
0 0.245632 0.318301 0.019565 0.022949
0 0.804701 0.365545 0.020549 0.040027
0 0.248299 0.561033 0.014931 0.042808
0 0.552889 0.360269 0.017203 0.026741
0 0.904488 0.140368 0.019719 0.040206
0 0.640314 0.304078 0.021073 0.030393
0 0.303458 0.472814 0.017882 0.019734
0 0.662630 0.230963 0.020826 0.018692
0 0.303036 0.607897 0.025512 0.037640
0 0.693503 0.329844 0.019643 0.038790
0 0.299228 0.685324 0.023033 0.027429
0 0.864969 0.423369 0.019359 0.031815
0 0.637335 0.490892 0.017850 0.029211
0 0.580262 0.529650 0.020616 0.024572
0 0.802979 0.686579 0.020143 0.034593
0 0.703846 0.581409 0.024712 0.017947
0 0.579335 0.662540 0.020410 0.031330
0 0.415107 0.803839 0.021953 0.030245
0 0.693617 0.364040 0.017723 0.040439
0 0.416094 0.310465 0.013282 0.047620
0 0.417839 0.390216 0.019538 0.033276
0 0.446040 0.385042 0.015669 0.047377
0 0.443439 0.869081 0.022512 0.030034
0 0.803878 0.437656 0.019241 0.030857
0 0.523538 0.582008 0.017456 0.026663
0 0.720234 0.267311 0.016285 0.021962
0 0.667311 0.641802 0.027061 0.034558
0 0.301408 0.367935 0.021643 0.027306
0 0.388593 0.381298 0.019967 0.026452
0 0.579265 0.858079 0.019019 0.024886
0 0.664674 0.406537 0.018014 0.035839
0 0.691847 0.837211 0.019907 0.035073
0 0.583921 0.208453 0.013315 0.051640
0 0.812311 0.200134 0.026737 0.019325
0 0.279847 0.477536 0.020947 0.034304
0 0.664785 0.265788 0.017059 0.027251
0 0.358549 0.513933 0.019360 0.022392
0 0.389133 0.299048 0.020975 0.024018
0 0.247541 0.230739 0.017128 0.028150
0 0.302551 0.417777 0.022244 0.041106
0 0.443934 0.703632 0.018038 0.024427
0 0.557339 0.360399 0.030385 0.038572
0 0.359440 0.316939 0.016520 0.031689
0 0.386153 0.580211 0.016762 0.021242
0 0.418119 0.369593 0.020144 0.025295
0 0.720719 0.671151 0.020724 0.027487
0 0.754791 0.206092 0.023506 0.036895
0 0.609796 0.628218 0.018301 0.031381
0 0.556090 0.654752 0.022349 0.042630
0 0.526417 0.311477 0.016013 0.045516
0 0.472410 0.349199 0.023790 0.035646
0 0.470644 0.310622 0.021618 0.030250
0 0.357762 0.602530 0.021039 0.036697
0 0.577458 0.488122 0.021555 0.021047
0 0.528296 0.340584 0.016418 0.028043
0 0.297869 0.756646 0.020793 0.028269
0 0.865907 0.215835 0.021561 0.035512
0 0.804130 0.454242 0.019245 0.037717
0 0.633881 0.766808 0.018557 0.030708
0 0.357338 0.708203 0.012892 0.033476
0 0.901688 0.119829 0.020860 0.036203
0 0.634710 0.843570 0.017033 0.042253
0 0.442529 0.838228 0.020601 0.031825
0 0.719678 0.614057 0.020342 0.025944
0 0.774845 0.526985 0.016818 0.027731
0 0.775007 0.345356 0.019331 0.022318
0 0.718813 0.579915 0.021386 0.024437
0 0.524318 0.819687 0.019369 0.042296
0 0.693463 0.512137 0.019035 0.022783
0 0.359765 0.420060 0.019358 0.039227
0 0.803420 0.576359 0.019229 0.044425
0 0.473390 0.807738 0.019155 0.054604
0 0.615109 0.704501 0.022484 0.021147
0 0.695763 0.488072 0.017075 0.026637
0 0.274972 0.349865 0.018432 0.020506
0 0.694586 0.384746 0.020241 0.028243
0 0.693133 0.264818 0.015667 0.025186
0 0.749092 0.543568 0.018762 0.035635
0 0.615505 0.268424 0.021801 0.022441
0 0.803090 0.805705 0.024449 0.015498
0 0.439166 0.787029 0.017985 0.020288
0 0.662736 0.421823 0.020352 0.025544
0 0.696290 0.841097 0.015195 0.058115
0 0.865407 0.351817 0.019999 0.031897
0 0.386257 0.282413 0.017114 0.027699
0 0.382957 0.639768 0.020205 0.026739
0 0.582573 0.269362 0.014598 0.023833
0 0.472049 0.264610 0.016942 0.029038
0 0.779103 0.823690 0.017026 0.029988
0 0.774643 0.647596 0.020492 0.030733
0 0.667120 0.386021 0.019253 0.032578
0 0.747907 0.558983 0.019151 0.032040
0 0.418805 0.870713 0.023008 0.024959
0 0.556295 0.868528 0.027560 0.031475
0 0.865871 0.247868 0.020560 0.032761
0 0.364252 0.232376 0.019544 0.026209
0 0.613194 0.334852 0.018676 0.029674
0 0.522793 0.756789 0.019203 0.032037
0 0.804785 0.490548 0.019567 0.047741
0 0.774762 0.386879 0.016421 0.027991
0 0.690201 0.769724 0.017660 0.034599
0 0.365435 0.856193 0.020584 0.026748
0 0.720764 0.362765 0.018658 0.027489
0 0.578313 0.650890 0.022403 0.024535
0 0.301800 0.579858 0.019171 0.038073
0 0.693801 0.546346 0.019274 0.026302
0 0.583753 0.276687 0.024095 0.031965
0 0.414632 0.192408 0.018788 0.018284
0 0.444270 0.298618 0.016868 0.027921
0 0.245851 0.336215 0.019872 0.030615
0 0.417589 0.644955 0.023441 0.039145
0 0.803677 0.612528 0.021960 0.041590
0 0.720127 0.755843 0.018793 0.029660
0 0.454071 0.338416 0.024483 0.015941
0 0.359019 0.296502 0.020355 0.032850
0 0.583426 0.415789 0.028460 0.037305
0 0.696035 0.558654 0.019349 0.032983
0 0.275279 0.403354 0.018690 0.018559
0 0.413039 0.591831 0.018491 0.017341
0 0.274834 0.370516 0.017934 0.027875
0 0.301227 0.793975 0.023429 0.051277
0 0.303222 0.557631 0.021294 0.036189
0 0.746419 0.683226 0.022739 0.041276
0 0.471788 0.282331 0.019768 0.036920
0 0.446109 0.206042 0.024996 0.035469
0 0.618291 0.861010 0.021362 0.022704
0 0.719703 0.593671 0.020046 0.035070
0 0.552968 0.713264 0.017151 0.028145
0 0.608063 0.615400 0.020327 0.023387
0 0.666599 0.718949 0.021343 0.028758
0 0.608716 0.714916 0.022902 0.036449
0 0.777585 0.260977 0.021299 0.043248
0 0.366400 0.370870 0.023052 0.024729
0 0.747980 0.490587 0.016323 0.026504
0 0.608944 0.558696 0.020607 0.035491
0 0.578794 0.415235 0.011369 0.030597
0 0.722537 0.476330 0.019058 0.029186
0 0.341215 0.522036 0.022366 0.026841
0 0.302597 0.732077 0.023798 0.028344
0 0.275339 0.543994 0.015430 0.019780
0 0.721191 0.338126 0.018455 0.033617
0 0.664390 0.738825 0.020753 0.034102
0 0.747790 0.846150 0.027475 0.046297
0 0.721250 0.705227 0.020117 0.032639
0 0.748348 0.455906 0.016780 0.033495
0 0.727493 0.772999 0.024229 0.020711
0 0.608909 0.808830 0.020512 0.032159
0 0.385323 0.698381 0.017920 0.036354
0 0.802200 0.524911 0.019490 0.022667
0 0.467308 0.866178 0.022531 0.025135
0 0.445379 0.596455 0.019732 0.027074
0 0.726017 0.676240 0.021746 0.027766
0 0.803725 0.233993 0.019493 0.013304
0 0.634967 0.544788 0.018053 0.026135
0 0.444982 0.349903 0.019964 0.047900
