0 0.759584 0.419888 0.035993 0.045751
0 0.759767 0.663619 0.029624 0.044204
0 0.758968 0.748766 0.033104 0.046229
0 0.759847 0.371365 0.034226 0.039402
0 0.760210 0.284584 0.031537 0.048186
0 0.810359 0.617013 0.029228 0.045253
0 0.758781 0.789312 0.030663 0.041396
0 0.708506 0.369805 0.034367 0.037484
0 0.242509 0.155366 0.034347 0.048077
0 0.759384 0.496455 0.031531 0.047256
0 0.915668 0.285565 0.039166 0.052555
0 0.809768 0.706245 0.036344 0.041753
0 0.191184 0.198780 0.035972 0.046321
0 0.188696 0.284981 0.041249 0.052344
0 0.293051 0.412583 0.037529 0.051571
0 0.293481 0.371420 0.035768 0.040332
0 0.241133 0.418911 0.038974 0.037963
0 0.708779 0.581601 0.036392 0.047966
0 0.243817 0.199503 0.040742 0.039478
0 0.242727 0.376285 0.034911 0.054331
0 0.192570 0.236608 0.035682 0.041185
0 0.241524 0.456497 0.036957 0.039679
0 0.759811 0.582489 0.029368 0.052626
0 0.708534 0.790297 0.033049 0.048058
0 0.293882 0.152746 0.038636 0.047846
0 0.708697 0.912947 0.036085 0.048192
0 0.191983 0.155550 0.034963 0.046070
0 0.453119 0.155083 0.042350 0.052785
0 0.810173 0.662355 0.031168 0.042972
0 0.707534 0.459653 0.036293 0.043727
0 0.859498 0.329999 0.031661 0.038696
0 0.859716 0.286153 0.030519 0.041741
0 0.656363 0.369511 0.038688 0.050722
0 0.292301 0.330156 0.035685 0.042030
0 0.809056 0.750641 0.036993 0.043957
0 0.708358 0.415856 0.036571 0.040074
0 0.346180 0.155346 0.035838 0.047048
0 0.808977 0.417598 0.037824 0.046871
0 0.760673 0.534800 0.038054 0.040577
0 0.859053 0.420031 0.039998 0.045807
0 0.759067 0.706553 0.037258 0.041972
0 0.401105 0.156523 0.039013 0.047955
0 0.291541 0.283768 0.038577 0.044626
0 0.140734 0.157074 0.045038 0.058654
0 0.243381 0.495543 0.036307 0.035407
0 0.760034 0.327649 0.027957 0.036975
0 0.759013 0.915555 0.032583 0.046292
0 0.858990 0.748246 0.035787 0.048012
0 0.655331 0.662590 0.039486 0.040795
0 0.809323 0.373624 0.034577 0.040155
0 0.656468 0.830299 0.034814 0.040968
0 0.604209 0.285823 0.034930 0.048488
0 0.658236 0.284041 0.038213 0.047402
0 0.656228 0.498457 0.044468 0.056822
0 0.810058 0.790550 0.032835 0.043152
0 0.859584 0.245558 0.040886 0.054085
0 0.241778 0.251180 0.042382 0.051021
0 0.241977 0.322600 0.038251 0.045654
0 0.552929 0.285152 0.038609 0.053337
0 0.708705 0.748813 0.034938 0.041775
0 0.240989 0.577517 0.044340 0.045817
0 0.344677 0.373976 0.035826 0.052559
0 0.809508 0.285829 0.031959 0.048639
0 0.858739 0.457598 0.036156 0.041210
0 0.809673 0.247875 0.034964 0.044749
0 0.708599 0.627674 0.036139 0.041958
0 0.656472 0.707046 0.029101 0.042010
0 0.243059 0.623959 0.035574 0.040004
0 0.242502 0.668985 0.037615 0.044645
0 0.808943 0.456745 0.030519 0.048227
0 0.605593 0.331638 0.041560 0.055298
0 0.809829 0.580210 0.035032 0.045963
0 0.344407 0.323408 0.037300 0.043562
0 0.759483 0.624092 0.026505 0.040120
0 0.812275 0.203160 0.043920 0.056995
0 0.859830 0.705144 0.033457 0.047281
0 0.450972 0.201113 0.041712 0.052419
0 0.708763 0.702305 0.033437 0.043038
0 0.807996 0.497370 0.035774 0.047928
0 0.451810 0.413003 0.038832 0.045949
0 0.910203 0.543159 0.033867 0.046132
0 0.708637 0.286831 0.034371 0.048389
0 0.088089 0.153356 0.042091 0.051797
0 0.451434 0.288751 0.038453 0.042938
0 0.656152 0.539142 0.037742 0.041784
0 0.656307 0.871525 0.030473 0.034736
0 0.858572 0.789349 0.037909 0.046799
0 0.862302 0.376729 0.038024 0.043790
0 0.707374 0.540536 0.032403 0.044862
0 0.809080 0.335793 0.038445 0.048231
0 0.656790 0.329088 0.031219 0.036416
0 0.656794 0.790159 0.037977 0.041690
0 0.297485 0.496217 0.043916 0.037979
0 0.552684 0.241535 0.036601 0.050851
0 0.709623 0.873883 0.031007 0.045565
0 0.708146 0.496109 0.033439 0.040561
0 0.859899 0.543003 0.028064 0.036212
0 0.295210 0.453805 0.038257 0.038634
0 0.708196 0.327669 0.031051 0.035627
0 0.243548 0.537437 0.037394 0.044205
0 0.758614 0.454574 0.042176 0.037848
0 0.655038 0.409886 0.033979 0.040991
0 0.914123 0.329677 0.033795 0.037253
0 0.345835 0.288828 0.035787 0.046010
0 0.758600 0.825506 0.028055 0.045466
0 0.708926 0.830756 0.039877 0.040957
0 0.451393 0.248208 0.035734 0.043904
0 0.812364 0.537011 0.038031 0.042264
0 0.655342 0.621136 0.036711 0.036576
0 0.294036 0.244229 0.034299 0.041547
0 0.653626 0.576344 0.034553 0.045612
0 0.296380 0.539234 0.039476 0.040894
0 0.298196 0.206381 0.039589 0.044769
0 0.653877 0.744005 0.032826 0.046413
0 0.652053 0.451773 0.036920 0.036315
0 0.862068 0.666123 0.037402 0.037190
0 0.554099 0.336101 0.032309 0.041972
0 0.451508 0.372586 0.029352 0.041856
0 0.808883 0.870801 0.035233 0.051679
0 0.350604 0.205909 0.040760 0.046836
0 0.811231 0.914088 0.034585 0.039064
0 0.505286 0.364283 0.041294 0.050311
0 0.812738 0.830508 0.031340 0.040426
0 0.399989 0.203967 0.041673 0.042864
0 0.861999 0.499113 0.033807 0.043046
0 0.707743 0.666516 0.032711 0.039034
0 0.913531 0.412394 0.030562 0.044160
0 0.450968 0.330542 0.043874 0.041663
0 0.657879 0.912110 0.041057 0.042931
0 0.912980 0.368105 0.035401 0.041952
0 0.862971 0.835349 0.033751 0.042269
0 0.760034 0.873838 0.036409 0.037093
0 0.503934 0.175730 0.044918 0.041242
0 0.917557 0.663281 0.034325 0.041203
0 0.495973 0.245492 0.030032 0.036920
0 0.914359 0.455119 0.033364 0.048239
0 0.860232 0.581097 0.032367 0.046088
0 0.503585 0.304273 0.039233 0.040409
0 0.912408 0.507956 0.031343 0.033360
0 0.349517 0.248897 0.034431 0.038247
0 0.758263 0.852277 0.031970 0.049899
0 0.499728 0.452424 0.028758 0.046269
0 0.918536 0.581399 0.025844 0.029244
0 0.244361 0.287938 0.029060 0.037926
0 0.913879 0.621046 0.028626 0.036157
0 0.242246 0.522060 0.045481 0.045226
0 0.905230 0.814362 0.030916 0.029727
0 0.502326 0.144225 0.047354 0.033523
0 0.707493 0.855862 0.031936 0.050063
0 0.499416 0.209787 0.030880 0.029613
0 0.505898 0.348529 0.033807 0.046677
0 0.860515 0.599829 0.035144 0.032300
0 0.656443 0.848122 0.030891 0.038243
0 0.864105 0.631742 0.026175 0.032074
0 0.242594 0.266038 0.032673 0.049501
0 0.913960 0.676798 0.035223 0.046484
0 0.812434 0.736629 0.028921 0.036101
0 0.906548 0.860513 0.030204 0.031377
0 0.294586 0.477868 0.033338 0.080837
0 0.914826 0.787552 0.032145 0.032242
0 0.908640 0.870742 0.022647 0.031805
0 0.705149 0.513037 0.034551 0.082916
0 0.908236 0.768616 0.027700 0.029734
0 0.293240 0.516641 0.038779 0.085106
0 0.502177 0.442232 0.045571 0.051854
0 0.756785 0.806642 0.037305 0.083930
0 0.807523 0.522983 0.035780 0.046834
0 0.657198 0.919008 0.022053 0.035907
0 0.914557 0.856769 0.021384 0.033096
0 0.758150 0.552273 0.038657 0.085029
0 0.861177 0.302682 0.039200 0.055292
0 0.855471 0.818394 0.044983 0.044199
0 0.503852 0.191216 0.036766 0.053843
0 0.808414 0.439989 0.040579 0.052185
0 0.809634 0.473658 0.036872 0.055959
0 0.914756 0.493613 0.028758 0.035353
0 0.500129 0.251296 0.040960 0.066139
0 0.344187 0.268812 0.034886 0.062345
0 0.502067 0.274040 0.033554 0.040905
0 0.498678 0.377615 0.038277 0.034284
0 0.756763 0.771675 0.039773 0.080075
0 0.504039 0.333216 0.041599 0.090131
0 0.925990 0.582579 0.021943 0.021285
0 0.805640 0.853328 0.041507 0.045755
0 0.859296 0.630179 0.034184 0.054165
0 0.294823 0.179907 0.035182 0.098903
0 0.191607 0.178197 0.040381 0.068933
0 0.242950 0.297707 0.055427 0.039899
0 0.243947 0.177288 0.037949 0.073098
0 0.706461 0.890788 0.038375 0.083844
0 0.656044 0.894547 0.033687 0.089022
0 0.242607 0.440662 0.038096 0.042247
0 0.758301 0.891170 0.036646 0.077471
0 0.812345 0.764400 0.038878 0.039168
0 0.399598 0.183918 0.035508 0.088185
0 0.652216 0.301505 0.041804 0.064986
0 0.915874 0.806820 0.028810 0.027621
