0 0.809732 0.416679 0.033755 0.042323
0 0.859991 0.416287 0.030254 0.039924
0 0.709865 0.748620 0.030746 0.037802
0 0.759823 0.578345 0.029426 0.047354
0 0.859707 0.457154 0.027573 0.041902
0 0.759074 0.461723 0.033491 0.043429
0 0.241142 0.292784 0.036708 0.042729
0 0.759857 0.746909 0.034864 0.041986
0 0.810283 0.329277 0.027253 0.040349
0 0.709835 0.620514 0.029285 0.044118
0 0.291278 0.418677 0.040518 0.048859
0 0.759994 0.619686 0.027569 0.041249
0 0.709556 0.705449 0.029951 0.035412
0 0.605316 0.542718 0.034935 0.049122
0 0.860181 0.285533 0.026706 0.042693
0 0.291312 0.377674 0.041846 0.047065
0 0.759226 0.794297 0.035970 0.041239
0 0.759578 0.414753 0.036642 0.041430
0 0.708825 0.370553 0.033051 0.037929
0 0.809572 0.246421 0.031687 0.050237
0 0.809896 0.372354 0.031640 0.039634
0 0.708244 0.459671 0.032640 0.042963
0 0.291897 0.335470 0.037586 0.055095
0 0.808943 0.459876 0.032219 0.044656
0 0.758860 0.245397 0.032625 0.049998
0 0.709900 0.663091 0.027880 0.038262
0 0.709796 0.786196 0.027438 0.038971
0 0.859664 0.329064 0.031289 0.042521
0 0.709417 0.579475 0.032635 0.050092
0 0.396302 0.247028 0.044464 0.053180
0 0.708211 0.417075 0.032990 0.037925
0 0.758421 0.330977 0.032552 0.040865
0 0.709455 0.828100 0.030985 0.046688
0 0.757104 0.202005 0.032994 0.036850
0 0.241433 0.253477 0.035839 0.044420
0 0.607207 0.330018 0.036240 0.041660
0 0.708297 0.289350 0.034142 0.044586
0 0.705547 0.494758 0.035039 0.038558
0 0.758680 0.374276 0.032191 0.035114
0 0.859744 0.373309 0.034064 0.040897
0 0.604548 0.456285 0.037056 0.048374
0 0.241385 0.381285 0.034281 0.043300
0 0.552614 0.244002 0.043143 0.056070
0 0.292189 0.284855 0.041600 0.052338
0 0.291122 0.664486 0.038016 0.046326
0 0.452654 0.248110 0.036636 0.047070
0 0.808809 0.490348 0.042147 0.051974
0 0.759098 0.660016 0.031176 0.034612
0 0.242091 0.337134 0.035025 0.046038
0 0.911906 0.292881 0.039296 0.043574
0 0.294983 0.495867 0.035422 0.038508
0 0.657884 0.458244 0.032446 0.044032
0 0.759266 0.702974 0.036976 0.036789
0 0.654687 0.331053 0.036396 0.046559
0 0.654138 0.495702 0.037738 0.042913
0 0.858669 0.579564 0.037309 0.051591
0 0.706195 0.541502 0.036439 0.048221
0 0.296449 0.541929 0.041799 0.047681
0 0.910778 0.331188 0.038989 0.041856
0 0.656792 0.706411 0.033299 0.049338
0 0.605587 0.496852 0.040346 0.050870
0 0.757952 0.155755 0.046010 0.046747
0 0.658382 0.618373 0.040777 0.038014
0 0.604224 0.412435 0.034129 0.050743
0 0.656569 0.373409 0.032850 0.036788
0 0.809565 0.286260 0.027862 0.043430
0 0.808691 0.208758 0.036108 0.045835
0 0.758494 0.289613 0.031302 0.041859
0 0.858813 0.498834 0.032031 0.042746
0 0.657414 0.660994 0.035581 0.036893
0 0.705214 0.330542 0.040225 0.043364
0 0.657948 0.866015 0.028884 0.035259
0 0.657498 0.412297 0.034167 0.041752
0 0.654149 0.289782 0.040670 0.046313
0 0.760204 0.535919 0.034464 0.038812
0 0.552451 0.338112 0.038689 0.046568
0 0.859430 0.247238 0.034160 0.047956
0 0.500407 0.248613 0.033412 0.043123
0 0.705448 0.246832 0.037454 0.039910
0 0.603825 0.288857 0.034249 0.045035
0 0.292030 0.575368 0.039287 0.039835
0 0.655964 0.540148 0.040284 0.042611
0 0.807867 0.160164 0.039337 0.043887
0 0.500747 0.455981 0.040103 0.054669
0 0.658642 0.744368 0.035188 0.036754
0 0.551673 0.291249 0.038894 0.039487
0 0.605635 0.375271 0.035881 0.038683
0 0.292312 0.616633 0.036088 0.034312
0 0.604000 0.578506 0.032919 0.044433
0 0.759925 0.498136 0.036992 0.040182
0 0.860978 0.539175 0.035365 0.044349
0 0.656934 0.830010 0.036815 0.040643
0 0.909797 0.246076 0.033245 0.045817
0 0.296063 0.455609 0.035815 0.042421
0 0.659005 0.910838 0.042100 0.050408
0 0.653205 0.576644 0.034987 0.037498
0 0.504193 0.214692 0.033599 0.030393
0 0.500753 0.185358 0.038429 0.039112
0 0.715365 0.867804 0.027019 0.026695
0 0.449949 0.372852 0.036073 0.037711
0 0.504359 0.354522 0.035550 0.037419
0 0.243182 0.207446 0.030296 0.047316
0 0.858968 0.200479 0.031736 0.044526
0 0.449924 0.202991 0.039722 0.047850
0 0.710927 0.899209 0.031078 0.034050
0 0.502788 0.151474 0.049444 0.033694
0 0.503748 0.313579 0.035191 0.044164
0 0.450040 0.296701 0.039924 0.050030
0 0.656358 0.786021 0.036572 0.044503
0 0.756952 0.167484 0.035970 0.093477
0 0.503232 0.377319 0.041960 0.032182
0 0.450282 0.336314 0.032690 0.036349
0 0.709895 0.913489 0.027916 0.040667
0 0.502573 0.362060 0.047755 0.062020
0 0.291469 0.513444 0.038296 0.076061
0 0.759982 0.632510 0.046228 0.064161
0 0.657592 0.851458 0.032199 0.045795
0 0.502630 0.285096 0.033292 0.043388
0 0.807517 0.175546 0.031730 0.091047
0 0.858267 0.515956 0.036949 0.043260
0 0.815981 0.893546 0.022304 0.032201
0 0.293234 0.637319 0.035049 0.053298
0 0.807943 0.297572 0.040291 0.046299
0 0.860797 0.301534 0.044275 0.050427
0 0.293083 0.481398 0.035958 0.078778
0 0.757378 0.515082 0.033741 0.082721
0 0.707722 0.771146 0.038069 0.072012
0 0.654263 0.743684 0.022175 0.066519
0 0.708873 0.810035 0.037998 0.067812
0 0.655028 0.441908 0.035305 0.049601
0 0.240043 0.226747 0.034636 0.080257
0 0.705545 0.523888 0.032416 0.047252
0 0.757521 0.439276 0.037359 0.087799
0 0.759869 0.773770 0.038741 0.070294
0 0.808290 0.439609 0.037026 0.077101
0 0.656470 0.762691 0.044758 0.054318
0 0.501999 0.399316 0.042797 0.055304
