0 0.710409 0.363468 0.038282 0.044167
0 0.192091 0.564948 0.049122 0.050507
0 0.709213 0.422835 0.038033 0.042184
0 0.189903 0.678698 0.045754 0.046220
0 0.192325 0.310554 0.044338 0.043765
0 0.192863 0.616752 0.045067 0.046991
0 0.188835 0.492380 0.044894 0.056568
0 0.559427 0.615796 0.049247 0.045691
0 0.865994 0.748683 0.039551 0.054589
0 0.192955 0.749086 0.053122 0.051826
0 0.708796 0.676315 0.045802 0.052952
0 0.454810 0.547457 0.039054 0.049719
0 0.556748 0.547973 0.039201 0.051833
0 0.455919 0.756614 0.044503 0.042512
0 0.295894 0.751870 0.041338 0.053552
0 0.403443 0.753593 0.043437 0.045787
0 0.865197 0.551531 0.042368 0.044392
0 0.911363 0.343125 0.038682 0.053161
0 0.606880 0.304085 0.047325 0.060910
0 0.815249 0.746090 0.042905 0.057129
0 0.558343 0.751425 0.042296 0.061320
0 0.553481 0.679495 0.048061 0.046070
0 0.557988 0.311725 0.033399 0.046292
0 0.295851 0.671484 0.042886 0.060097
0 0.192489 0.360793 0.046393 0.049580
0 0.712505 0.752157 0.043056 0.052095
0 0.557830 0.481777 0.038120 0.045949
0 0.909566 0.300749 0.037199 0.050439
0 0.757722 0.343452 0.043940 0.047153
0 0.296146 0.601024 0.032144 0.051249
0 0.865341 0.680724 0.042369 0.047230
0 0.862363 0.478298 0.038702 0.055608
0 0.656946 0.304388 0.044973 0.059888
0 0.294273 0.309330 0.040628 0.052570
0 0.189134 0.430825 0.040602 0.048912
0 0.870373 0.874369 0.031835 0.045355
0 0.402093 0.310356 0.044462 0.052716
0 0.604887 0.640939 0.041931 0.046299
0 0.557920 0.361894 0.040344 0.045639
0 0.455035 0.617015 0.038071 0.040260
0 0.295876 0.450845 0.032557 0.054031
0 0.863569 0.360907 0.038478 0.046399
0 0.294248 0.379608 0.042368 0.052273
0 0.708424 0.310043 0.041298 0.035974
0 0.453604 0.364314 0.036936 0.041513
0 0.399048 0.670486 0.037771 0.055957
0 0.811580 0.308087 0.042047 0.047862
0 0.453703 0.686713 0.043459 0.041331
0 0.347718 0.307139 0.033406 0.054658
0 0.350261 0.756311 0.041564 0.047139
0 0.758254 0.303576 0.044263 0.049975
0 0.450812 0.309788 0.042753 0.045299
0 0.814321 0.673061 0.039743 0.052394
0 0.454512 0.481773 0.035818 0.046144
0 0.861865 0.308935 0.040459 0.048679
0 0.244199 0.307292 0.030573 0.042814
0 0.860299 0.422518 0.042487 0.049886
0 0.811339 0.365187 0.041137 0.043484
0 0.662900 0.753356 0.043564 0.065236
0 0.193098 0.915538 0.041660 0.042683
0 0.396147 0.452122 0.040364 0.051992
0 0.656367 0.640267 0.041730 0.045846
0 0.346000 0.452898 0.033801 0.053413
0 0.812826 0.420273 0.039767 0.045251
0 0.457664 0.913131 0.041478 0.036635
0 0.710278 0.619600 0.038574 0.044797
0 0.609956 0.752714 0.042603 0.063588
0 0.344982 0.606209 0.040345 0.051572
0 0.708715 0.545559 0.031767 0.048232
0 0.659195 0.526750 0.041345 0.054593
0 0.402433 0.594761 0.037523 0.049239
0 0.294804 0.525139 0.040477 0.056492
0 0.398510 0.524720 0.035534 0.048731
0 0.817258 0.911358 0.039704 0.042209
0 0.398276 0.380142 0.037251 0.053937
0 0.297780 0.912018 0.043252 0.043542
0 0.608506 0.873644 0.034951 0.050121
0 0.194309 0.834612 0.040280 0.037710
0 0.867957 0.827797 0.032562 0.037654
0 0.714927 0.911221 0.043483 0.058134
0 0.863132 0.615403 0.035147 0.038218
0 0.557273 0.423956 0.034923 0.040042
0 0.608211 0.416950 0.036839 0.039220
0 0.564427 0.795705 0.026588 0.030212
0 0.407464 0.796675 0.033901 0.033086
0 0.356250 0.794891 0.033911 0.036546
0 0.658852 0.419116 0.032845 0.039986
0 0.454410 0.832552 0.033827 0.044157
0 0.246984 0.345380 0.039542 0.049114
0 0.811153 0.483740 0.038247 0.047384
0 0.349971 0.877604 0.033776 0.041810
0 0.814684 0.548843 0.038916 0.052755
0 0.816122 0.873318 0.035157 0.047793
0 0.760245 0.349708 0.026829 0.034787
0 0.816444 0.834923 0.033411 0.045873
0 0.404948 0.914620 0.042006 0.039240
0 0.507684 0.330889 0.039156 0.050154
0 0.455383 0.427311 0.039645 0.045639
0 0.618973 0.795861 0.024582 0.030138
0 0.504913 0.468547 0.039068 0.047526
0 0.202306 0.796108 0.027867 0.027724
0 0.193042 0.875255 0.034443 0.039045
0 0.403719 0.835374 0.036785 0.043122
0 0.713909 0.830827 0.042008 0.052980
0 0.451907 0.872579 0.032471 0.042255
0 0.559786 0.913935 0.035173 0.051893
0 0.505866 0.372290 0.038038 0.035660
0 0.608443 0.529162 0.039739 0.057392
0 0.708462 0.476898 0.043628 0.043053
0 0.349186 0.915294 0.038230 0.031357
0 0.812884 0.612307 0.034026 0.042916
0 0.662608 0.912175 0.037712 0.052178
0 0.558187 0.833974 0.036413 0.053886
0 0.505855 0.171924 0.046045 0.036716
0 0.824252 0.792661 0.020906 0.024166
0 0.668624 0.796022 0.026221 0.029977
0 0.503603 0.203405 0.038840 0.045703
0 0.299640 0.832931 0.034139 0.043335
0 0.867600 0.909896 0.042947 0.037729
0 0.608154 0.304558 0.029546 0.040829
0 0.401115 0.876784 0.030133 0.034176
0 0.662837 0.826885 0.035086 0.055164
0 0.306487 0.796307 0.034067 0.037763
0 0.612406 0.833209 0.034796 0.048769
0 0.875284 0.790638 0.024965 0.028204
0 0.709443 0.485355 0.025618 0.042090
0 0.462033 0.794328 0.025617 0.029701
0 0.505906 0.395549 0.037543 0.036027
0 0.613272 0.913412 0.032679 0.043719
0 0.351734 0.832758 0.036437 0.042513
0 0.502283 0.510929 0.022475 0.028367
0 0.503454 0.252543 0.041881 0.050703
0 0.717269 0.793662 0.033102 0.030909
0 0.605403 0.540173 0.027208 0.025324
0 0.617351 0.796712 0.030584 0.059565
0 0.519479 0.759433 0.024856 0.031018
0 0.818822 0.917824 0.020782 0.043108
0 0.505492 0.903932 0.022399 0.026835
0 0.505039 0.861926 0.021417 0.030023
0 0.658004 0.539285 0.030188 0.037404
0 0.502807 0.295043 0.035944 0.042443
0 0.868610 0.852929 0.038484 0.082871
0 0.707927 0.322211 0.037786 0.089817
0 0.869242 0.809754 0.041585 0.051088
0 0.191943 0.333289 0.042669 0.106089
0 0.834158 0.481736 0.073840 0.050224
0 0.870797 0.918472 0.026784 0.040611
0 0.605369 0.843511 0.034496 0.038923
0 0.349397 0.925820 0.027304 0.036174
0 0.194222 0.596207 0.046217 0.107509
0 0.191707 0.850809 0.036976 0.078129
0 0.453509 0.894050 0.034048 0.064419
0 0.611222 0.928531 0.033548 0.032456
0 0.505350 0.922343 0.032601 0.042125
0 0.659409 0.523938 0.030573 0.031536
0 0.451994 0.852845 0.032592 0.057994
0 0.694778 0.755594 0.077361 0.036097
0 0.815446 0.519563 0.037657 0.103453
0 0.725128 0.791266 0.021152 0.021187
0 0.398364 0.394823 0.029567 0.028998
0 0.504825 0.933353 0.021647 0.030183
0 0.197780 0.804696 0.036643 0.057276
0 0.453190 0.327309 0.029719 0.075743
0 0.868533 0.891007 0.041126 0.087225
0 0.192288 0.886405 0.042783 0.070245
